# 2006 15 0
# 2007 7 1
# 2008 15 2
# 2009 9 3
# 2010 15 4
# 2011 11 5
# 2012 9 6
# 2013 0 7
# 2014 14 8
# 2015 16 9
# 2016 22 10
# 2017 28 11
# 2018 49 12
# 2019 53 13
# 2020 45 14
# 2021 50 15
# 2022 13 16
8 0 1
0 1 1
4 1 1
4 2 1
5 2 1
8 2 1
10 2 1
13 2 3
8 3 1
0 4 1
12 4 4
13 4 2
14 4 1
12 5 1
14 5 1
11 6 1
12 7 1
13 8 1
15 9 1
12 10 1
12 11 1
12 12 1
10 13 1
12 14 1
10 15 1
13 16 1
9 17 1
4 18 1
13 19 1
12 20 1
3 21 1
10 22 1
13 23 1
16 24 1
14 25 1
15 25 1
13 26 1
2 27 1
4 28 1
10 29 1
12 30 1
10 31 1
15 32 1
11 33 1
12 33 1
13 33 1
14 33 1
16 33 1
6 34 1
13 35 1
9 36 1
15 37 1
2 38 1
9 38 1
11 38 1
12 38 1
13 38 1
14 38 1
3 39 1
14 40 1
10 41 1
13 42 1
4 43 1
11 43 1
0 44 1
5 45 1
10 46 1
3 47 1
4 48 1
8 48 1
12 49 1
13 49 1
0 50 1
10 50 1
15 51 2
4 52 1
5 53 1
6 53 1
1 54 1
15 55 1
16 56 1
14 57 1
5 58 1
15 59 1
15 60 1
2 61 1
8 62 1
13 63 1
9 64 1
11 65 1
0 66 1
14 67 1
0 68 1
1 69 1
16 70 1
11 71 1
12 72 2
12 73 1
4 74 1
11 75 1
8 76 1
0 77 1
11 78 1
9 79 1
1 80 1
3 81 1
6 82 1
15 83 1
4 84 1
13 85 2
5 86 1
15 87 1
10 88 1
15 89 2
0 90 1
5 90 1
13 90 2
6 91 1
14 92 2
15 92 2
14 93 1
14 94 1
1 95 1
2 95 1
10 95 1
6 96 1
12 97 1
9 98 1
16 99 1
3 100 1
12 101 1
2 102 1
12 103 1
12 104 3
13 104 2
14 104 3
15 104 1
3 105 1
13 106 2
15 106 1
14 107 1
11 108 1
13 108 2
12 109 2
14 109 1
16 109 1
2 110 1
8 110 1
12 111 1
14 111 1
15 111 2
13 112 1
9 113 1
2 114 1
5 115 1
6 115 1
4 116 1
13 117 2
10 118 1
15 119 1
15 120 1
15 121 1
10 122 1
12 123 2
15 123 1
16 123 1
13 124 1
14 125 1
15 126 1
8 127 1
15 127 2
3 128 1
11 129 1
15 130 1
0 131 1
10 132 1
14 133 1
16 133 1
12 134 1
16 135 1
12 136 1
9 137 1
10 138 1
13 138 3
14 138 3
15 138 3
11 139 1
16 140 1
2 141 1
12 142 1
13 143 1
0 144 1
1 144 1
2 144 1
9 145 1
2 146 1
14 147 1
2 148 1
15 149 1
11 150 1
12 150 4
14 150 1
10 151 1
14 152 1
13 153 1
11 154 1
13 154 1
12 155 1
12 156 2
14 156 3
15 156 3
14 157 1
8 158 1
11 159 1
5 160 1
15 160 2
14 161 1
5 162 1
8 163 1
1 164 1
9 165 1
8 166 1
13 167 1
14 168 1
11 169 1
12 169 1
12 170 1
3 171 1
5 171 1
6 171 1
10 171 1
9 172 1
12 173 1
14 173 2
15 173 2
13 174 1
14 175 1
13 176 1
16 177 1
10 178 1
13 179 1
11 180 1
15 181 1
5 182 1
11 182 2
13 183 1
11 184 1
12 185 1
10 186 1
10 187 1
11 188 1
2 189 1
9 190 1
4 191 1
15 192 1
8 193 1
15 194 1
4 195 1
15 196 1
4 197 1
12 198 1
0 199 1
15 200 1
11 201 1
11 202 1
13 202 1
16 202 1
11 203 1
15 204 1
13 205 2
6 206 1
16 207 1
10 208 1
0 209 1
9 210 1
15 211 2
11 212 1
12 213 1
9 214 1
14 215 1
11 216 1
13 216 2
0 217 1
13 218 1
14 218 1
1 219 1
2 219 1
0 220 1
2 220 1
4 220 1
13 220 2
14 220 2
15 220 3
12 221 1
11 222 1
11 223 1
0 224 1
8 224 1
10 225 1
13 226 2
14 226 1
9 227 1
9 228 1
3 229 1
6 230 1
11 231 1
14 232 1
4 233 1
12 234 1
13 234 2
14 234 2
15 234 1
2 235 1
8 235 1
12 235 2
14 235 2
